0
43922
87841
131755
175661
219556
263438
307303
351150
394974
438775
482548
526291
570002
613678
657316
700914
744468
787976
831436
874844
918199
961497
1004735
1047912
1091024
1134068
1177043
1219945
1262772
1305521
1348189
1390774
1433274
1475685
1518005
1560231
1602361
1644392
1686322
1728148
1769867
1811477
1852975
1894359
1935626
1976774
2017800
2058701
2099476
2140120
2180633
2221011
2261253
2301355
2341314
2381130
2420798
2460318
2499685
2538898
2577955
2616853
2655589
2694161
2732568
2770805
2808872
2846765
2884483
2922023
2959383
2996560
3033552
3070358
3106973
3143398
3179628
3215662
3251498
3287133
3322565
3357793
3392813
3427624
3462224
3496610
3530780
3564733
3598466
3631976
3665263
3698324
3731156
3763758
3796128
3828264
3860164
3891826
3923248
3954427
3985363
4016053
4046495
4076688
4106629
4136316
4165749
4194925
4223842
4252498
4280892
4309022
4336886
4364483
4391810
4418867
4445651
4472160
4498394
4524350
4550028
4575424
4600539
4625369
4649915
4674173
4698143
4721823
4745213
4768309
4791111
4813618
4835828
4857739
4879351
4900662
4921670
4942375
4962775
4982869
5002656
5022134
5041302
5060159
5078704
5096936
5114853
5132455
5149741
5166708
5183357
5199686
5215695
5231382
5246746
5261786
5276502
5290892
5304956
5318693
5332102
5345181
5357931
5370351
5382439
5394196
5405619
5416709
5427465
5437886
5447972
5457722
5467135
5476210
5484948
5493348
5501409
5509130
5516512
5523553
5530254
5536613
5542631
5548307
5553641
5558632
5563280
5567586
5571547
5575165
5578439
5581369
5583955
5586197
5588093
5589645
5590853
5591715
5592232
5592405
5592232
5591715
5590853
5589645
5588093
5586197
5583955
5581369
5578439
5575165
5571547
5567586
5563280
5558632
5553641
5548307
5542631
5536613
5530254
5523553
5516512
5509130
5501409
5493348
5484948
5476210
5467135
5457722
5447972
5437886
5427465
5416709
5405619
5394196
5382439
5370351
5357931
5345181
5332102
5318693
5304956
5290892
5276502
5261786
5246746
5231382
5215695
5199686
5183357
5166708
5149741
5132455
5114853
5096936
5078704
5060159
5041302
5022134
5002656
4982869
4962775
4942375
4921670
4900662
4879351
4857739
4835828
4813618
4791111
4768309
4745213
4721823
4698143
4674173
4649915
4625369
4600539
4575424
4550028
4524350
4498394
4472160
4445651
4418867
4391810
4364483
4336886
4309022
4280892
4252498
4223842
4194925
4165749
4136316
4106629
4076688
4046495
4016053
3985363
3954427
3923248
3891826
3860164
3828264
3796128
3763758
3731156
3698324
3665263
3631976
3598466
3564733
3530780
3496610
3462224
3427624
3392813
3357793
3322565
3287133
3251498
3215662
3179628
3143398
3106973
3070358
3033552
2996560
2959383
2922023
2884483
2846765
2808872
2770805
2732568
2694161
2655589
2616853
2577955
2538898
2499685
2460318
2420798
2381130
2341314
2301355
2261253
2221011
2180633
2140120
2099476
2058701
2017800
1976774
1935626
1894359
1852975
1811477
1769867
1728148
1686322
1644392
1602361
1560231
1518005
1475685
1433274
1390774
1348189
1305521
1262772
1219945
1177043
1134068
1091024
1047912
1004735
961497
918199
874844
831436
787976
744468
700914
657316
613678
570002
526291
482548
438775
394974
351150
307303
263438
219556
175661
131755
87841
43922
0
-43922
-87841
-131755
-175661
-219556
-263438
-307303
-351150
-394974
-438775
-482548
-526291
-570002
-613678
-657316
-700914
-744468
-787976
-831436
-874844
-918199
-961497
-1004735
-1047912
-1091024
-1134068
-1177043
-1219945
-1262772
-1305521
-1348189
-1390774
-1433274
-1475685
-1518005
-1560231
-1602361
-1644392
-1686322
-1728148
-1769867
-1811477
-1852975
-1894359
-1935626
-1976774
-2017800
-2058701
-2099476
-2140120
-2180633
-2221011
-2261253
-2301355
-2341314
-2381130
-2420798
-2460318
-2499685
-2538898
-2577955
-2616853
-2655589
-2694161
-2732568
-2770805
-2808872
-2846765
-2884483
-2922023
-2959383
-2996560
-3033552
-3070358
-3106973
-3143398
-3179628
-3215662
-3251498
-3287133
-3322565
-3357793
-3392813
-3427624
-3462224
-3496610
-3530780
-3564733
-3598466
-3631976
-3665263
-3698324
-3731156
-3763758
-3796128
-3828264
-3860164
-3891826
-3923248
-3954427
-3985363
-4016053
-4046495
-4076688
-4106629
-4136316
-4165749
-4194925
-4223842
-4252498
-4280892
-4309022
-4336886
-4364483
-4391810
-4418867
-4445651
-4472160
-4498394
-4524350
-4550028
-4575424
-4600539
-4625369
-4649915
-4674173
-4698143
-4721823
-4745213
-4768309
-4791111
-4813618
-4835828
-4857739
-4879351
-4900662
-4921670
-4942375
-4962775
-4982869
-5002656
-5022134
-5041302
-5060159
-5078704
-5096936
-5114853
-5132455
-5149741
-5166708
-5183357
-5199686
-5215695
-5231382
-5246746
-5261786
-5276502
-5290892
-5304956
-5318693
-5332102
-5345181
-5357931
-5370351
-5382439
-5394196
-5405619
-5416709
-5427465
-5437886
-5447972
-5457722
-5467135
-5476210
-5484948
-5493348
-5501409
-5509130
-5516512
-5523553
-5530254
-5536613
-5542631
-5548307
-5553641
-5558632
-5563280
-5567586
-5571547
-5575165
-5578439
-5581369
-5583955
-5586197
-5588093
-5589645
-5590853
-5591715
-5592232
-5592405
-5592232
-5591715
-5590853
-5589645
-5588093
-5586197
-5583955
-5581369
-5578439
-5575165
-5571547
-5567586
-5563280
-5558632
-5553641
-5548307
-5542631
-5536613
-5530254
-5523553
-5516512
-5509130
-5501409
-5493348
-5484948
-5476210
-5467135
-5457722
-5447972
-5437886
-5427465
-5416709
-5405619
-5394196
-5382439
-5370351
-5357931
-5345181
-5332102
-5318693
-5304956
-5290892
-5276502
-5261786
-5246746
-5231382
-5215695
-5199686
-5183357
-5166708
-5149741
-5132455
-5114853
-5096936
-5078704
-5060159
-5041302
-5022134
-5002656
-4982869
-4962775
-4942375
-4921670
-4900662
-4879351
-4857739
-4835828
-4813618
-4791111
-4768309
-4745213
-4721823
-4698143
-4674173
-4649915
-4625369
-4600539
-4575424
-4550028
-4524350
-4498394
-4472160
-4445651
-4418867
-4391810
-4364483
-4336886
-4309022
-4280892
-4252498
-4223842
-4194925
-4165749
-4136316
-4106629
-4076688
-4046495
-4016053
-3985363
-3954427
-3923248
-3891826
-3860164
-3828264
-3796128
-3763758
-3731156
-3698324
-3665263
-3631976
-3598466
-3564733
-3530780
-3496610
-3462224
-3427624
-3392813
-3357793
-3322565
-3287133
-3251498
-3215662
-3179628
-3143398
-3106973
-3070358
-3033552
-2996560
-2959383
-2922023
-2884483
-2846765
-2808872
-2770805
-2732568
-2694161
-2655589
-2616853
-2577955
-2538898
-2499685
-2460318
-2420798
-2381130
-2341314
-2301355
-2261253
-2221011
-2180633
-2140120
-2099476
-2058701
-2017800
-1976774
-1935626
-1894359
-1852975
-1811477
-1769867
-1728148
-1686322
-1644392
-1602361
-1560231
-1518005
-1475685
-1433274
-1390774
-1348189
-1305521
-1262772
-1219945
-1177043
-1134068
-1091024
-1047912
-1004735
-961497
-918199
-874844
-831436
-787976
-744468
-700914
-657316
-613678
-570002
-526291
-482548
-438775
-394974
-351150
-307303
-263438
-219556
-175661
-131755
-87841
-43922
362277
-883714
-390708
166197
961353
-734434
119809
-14859
1017981
76130
52802
-203479
1281776
-533548
1486664
1520340
173844
1321648
366168
1870540
-220154
1542989
1124135
35176
1831103
1547592
1654271
716182
666777
305343
1438959
627177
296249
1434936
2197544
2517700
1374705
518804
1416987
1083601
786786
2812189
1524806
1071800
1717457
2763817
1918057
915985
2163333
1759671
2187567
1953691
2043081
1191474
1214348
2727659
1810294
3312956
2848211
1533897
2585251
2096107
2626257
3231629
2715950
3213321
3697282
2328897
3358225
3440033
2982039
3112923
3362043
3508204
3272032
3562374
2262255
3531576
2769448
2853810
3042309
4094097
4336005
2562426
3047385
2479521
3350170
3649662
4338530
4568921
4536388
2914036
2840536
3108670
4143254
4021976
3989741
4344019
4039133
3475717
3319746
2921683
4295172
3426939
4214821
5183842
4740124
3326451
5174141
5042999
4965502
4584555
3288158
5241931
5290358
4581212
4208453
5057132
4442564
4575575
5257968
5538506
5680235
4520429
3536207
5165223
5706122
5578064
4251530
5644943
4369815
4829398
5414837
4742769
5163359
5091885
4508053
3928067
5065559
5904910
4996234
4182183
5663356
4352291
5858373
4844616
6064090
6195719
4351523
5775983
5739058
4847230
5725857
5018007
6040705
4733121
5290183
4903537
4826518
5914487
4410260
6445507
4795576
5567117
4924698
5608787
4372432
5769232
5449414
5079853
4873358
5487218
5069462
5737197
5432904
4397840
5649850
6488824
4872420
5127174
4619568
4733539
6162579
5076137
5728077
4533550
4899668
5818491
5012353
4993810
5389473
5118576
5954644
4968053
4920860
6566961
5746736
5067331
5608305
5052455
5439389
6412670
6396048
4900871
5522934
5933968
4810457
5572537
6359895
6063636
5779408
5898786
4991779
5164420
5156276
4692953
4861686
6344877
4813352
6235690
5425099
5780920
4419736
5835571
4605079
5978211
4945042
5650073
4888767
4559978
6040539
5650941
4488250
6483592
5202792
4841379
5244072
5608660
5884324
4746940
4350789
5282293
5533401
5290527
5833950
4941887
6086299
4528841
5912374
5296178
4738902
4685829
5009093
4195519
4012634
5363882
4656149
4386605
5080100
4565505
4364659
4795118
5596464
3946986
4717012
4592434
4856027
4844941
4406639
3805289
5490423
3962232
4389695
5629150
5566935
5195326
5532795
4295928
4543708
5480758
5568012
3594421
4903622
4719034
4165697
4407775
3690132
3966928
4796469
5199808
3289199
3111170
3515182
3678640
3371383
3480274
4705346
3535716
3045457
4818987
3082696
3115994
4624486
4480739
4628957
2864503
4421835
3663505
3162059
2904395
4047794
3260690
3585767
3775920
3284228
4240625
2989376
4432420
2262609
2558053
2382105
3763851
2530988
2760514
3071548
3750346
3544517
2146696
3345249
3970673
2886520
2656689
2649427
2157454
2753438
3631336
2276975
2219986
1917058
2163873
1706564
2016003
3226828
1598526
1332346
2230856
1591917
1234005
1835043
1187453
2485576
3180373
2741911
2357121
2903166
1899340
829108
2282690
1720308
2324814
2015767
1574258
2407280
1357369
1043124
2027127
1632687
1160757
2064115
597620
1637646
2218109
659528
420541
1452622
1396465
882368
1181626
630745
41670
206591
584930
615822
1096949
-39483
497894
1055121
568683
1301022
-166587
908433
1427886
605063
419115
252287
1046421
-243754
-104018
733840
-567693
660319
644625
560221
356484
363031
-74732
559495
-610385
201160
-1150071
-1548649
308922
-1559227
-900365
-1104425
-191002
-1514930
-767926
-893148
-944759
-913153
-1828167
-1018193
-1326883
-1435085
-2172444
-291993
-1735354
-2028769
-1181493
-2295104
-290794
-1505154
-1456727
-630272
-709068
-2040768
-2031852
-1825970
-1449960
-2165936
-1921791
-1988808
-2328938
-2287198
-2786073
-1537273
-2447702
-2737652
-2968188
-1532083
-2959437
-1408716
-1236067
-3173984
-2064220
-3475992
-3372103
-2371673
-2998765
-1562014
-2031066
-1662846
-3240135
-3523842
-3033774
-2323643
-2722586
-2677700
-3551221
-2737484
-3319830
-4082259
-2385600
-2501913
-3815599
-3872930
-2237115
-2705974
-3277698
-3195442
-2561965
-3547578
-4453685
-3726315
-2657373
-4136910
-4496242
-3776564
-4399654
-3711123
-4320636
-3985139
-3141571
-4226110
-3607994
-4491979
-3778493
-3497380
-4066738
-5056945
-4540127
-3894953
-4301832
-2960059
-4859190
-3128156
-3289934
-3447970
-4109017
-4581461
-4037073
-4370263
-5107239
-5361735
-5034950
-5225519
-5303763
-3865256
-4764898
-3462228
-3858866
-4331792
-5166024
-4150311
-4362078
-4982183
-4481999
-5671776
-5095084
-5380859
-4807632
-4546274
-5710736
-5512005
-4175768
-5051963
-4663383
-3982273
-5194667
-5117863
-5824922
-6020033
-6000086
-6027201
-5314388
-5635631
-4112268
-4768214
-5404998
-5054571
-4805075
-5470110
-6172252
-4763338
-5835391
-5907675
-6276148
-4503830
-5902414
-5381906
-4413716
-5611771
-4468815
-5841759
-4781164
-6254434
-5199204
-5101937
-6106234
-6540073
-5166275
-6533609
-6299171
-5141001
-5965771
-6417297
-4567962
-4975037
-6219547
-5367984
-4433206
-4986650
-5014948
-6223198
-4849116
-5931568
-5377696
-5041248
-6542000
-5681379
-5781025
-4512613
-4602800
-5254122
-5955931
-6322841
-5538096
-4875366
-5616144
-5701325
-6589393
-5416852
-6682100
-5035494
-5352731
-5854931
-4726005
-6393986
-5518522
-4838868
-5645859
-5094354
-5582011
-4713876
-5313812
-4639834
-5458543
-6249048
-5653993
-5198869
-4620128
-5430483
-4733535
-4769512
-4925162
-6307957
-5499183
-5690501
-6206304
-5763913
-6027018
-4766956
-4760601
-6428886
-5829510
-5473410
-4805114
-5935700
-6025242
-6258159
-6113979
-5887107
-6296623
-5312204
-5211215
-4261257
-5639386
-6108762
-5539591
-4856054
-5892642
-4181090
-5940375
-5971994
-5877483
-4119881
-4855408
-4184592
-4404850
-6097016
-5153284
-6037538
-4013289
-4828284
-5868632
-3829019
-4594980
-5096963
-4531772
-4664611
-3774822
-4279577
-4255141
-5768145
-5202775
-4938804
-3863532
-3978738
-3647549
-3533931
-5268311
-4300913
-3394777
-4276025
-5375715
-5418537
-5121690
-5100091
-5099719
-4227808
-4587435
-5004197
-3796309
-4443428
-3860153
-3858215
-4187980
-3957821
-3459890
-4728490
-4671752
-3202996
-4498064
-3605519
-4127595
-3056363
-4549829
-3088080
-3298924
-3095938
-3036255
-2557923
-4142402
-3711868
-2627024
-4137901
-3709870
-3459234
-3264720
-2429774
-3581105
-4120012
-3541224
-3139772
-2238000
-2988380
-3349042
-3439034
-2911332
-3594933
-2383585
-3716776
-2800854
-2167292
-2238582
-2950125
-1840369
-2866139
-3013733
-3391293
-2968403
-2190261
-3413231
-1485612
-1579250
-2593248
-1384065
-1289898
-1174784
-2009981
-1874106
-1382971
-2048987
-2571453
-2173129
-2945436
-1052310
-1297338
-2359284
-709149
-2164113
-1304396
-1226004
-1041222
-1729174
-880658
-2121348
-2382066
-1821668
-1772785
-2195055
-2098589
-401363
-620718
-788104
-1964926
-1427534
-1824312
-997451
-777542
-1612591
-829485
-842221
192427
-943666
-738264
-890434
246257
-273274
640485
275311
117758
119441
728113
389920
-329708
-1079701
-538299
-851285
395824
