-82
-122
-162
-200
-238
-272
-302
-325
-339
-339
-322
-286
-226
-142
-32
104
264
444
639
839
1037
1220
1376
1491
1554
1551
1471
1306
1050
700
259
-265
-862
-1514
-2197
-2886
-3549
-4152
-4659
-5032
-5235
-5234
-4998
-4501
-3723
-2652
-1284
373
2306
4490
6889
9462
12157
14917
17681
20384
22962
25350
27487
29318
30796
31881
32544
32767
32544
31881
30796
29318
27487
25350
22962
20384
17681
14917
12157
9462
6889
4490
2306
373
-1284
-2652
-3723
-4501
-4998
-5234
-5235
-5032
-4659
-4152
-3549
-2886
-2197
-1514
-862
-265
259
700
1050
1306
1471
1551
1554
1491
1376
1220
1037
839
639
444
264
104
-32
-142
-226
-286
-322
-339
-339
-325
-302
-272
-238
-200
-162
-122
-82
